0.000000 4.000000  0.000000 
0.100000 4.010000  0.200000 
0.200000 4.040000  0.400000 
0.300000 4.090000  0.600000 
0.400000 4.160000  0.800000 
0.500000 4.250000  1.000000 
0.600000 4.360000  1.200000 
0.700000 4.490000  1.400000 
0.800000 4.640000  1.600000 
0.900000 4.810000  1.800000 
1.000000 5.000000  2.000000 
1.100000 5.210000  2.200000 
1.200000 5.440000  2.400000 
1.300000 5.690000  2.600000 
1.400000 5.960000  2.800000 
1.500000 6.250000  3.000000 
1.600000 6.560000  3.200000 
1.700000 6.890000  3.400000 
1.800000 7.240000  3.600000 
1.900000 7.610000  3.800000 
2.000000 8.000000  4.000000 
2.100000 8.410000  4.200000 
2.200000 8.840000  4.400000 
2.300000 9.290000  4.600000 
2.400000 9.760000  4.800000 
2.500000 10.250000  5.000000 
2.600000 10.760000  5.200000 
2.700000 11.290000  5.400000 
2.800000 11.840000  5.600000 
2.900000 12.410000  5.800000 
